b d 1 1 5 5 1 1 1 5 5 1 7 d 1 3 
a 9 6 c 3 9 6 a c 3 9 4 5 1 6 a 
8 0 5 5 2 c 3 a 9 6 c 3 d 0 3 a 
a c 3 9 2 9 4 4 0 3 9 2 9 6 c 2 
a 9 0 6 c 0 3 d 6 e a c 0 3 9 2 
8 6 c 3 9 6 a d 3 9 2 9 6 8 6 a 
8 1 1 6 c 3 a 9 4 2 c 0 3 8 3 a 
e a c 1 5 4 2 8 3 a 9 2 c 2 c 2 
b a 9 4 7 b e c 6 8 6 e d 6 9 2 
8 4 4 3 9 6 d 3 d 6 b 9 3 9 6 e 
c 3 9 0 4 5 1 0 7 b c 2 c 4 1 3 
b c 2 c 3 9 6 c 3 a 9 6 b 9 6 a 
a 9 2 9 4 4 3 9 4 4 4 3 c 4 3 a 
8 2 c 0 3 d 4 0 3 9 7 c 1 1 0 2 
a a 9 6 c 3 9 6 c 0 5 5 2 e e a 
e c 4 5 5 4 4 5 5 4 7 d 4 5 5 6 
